{
 "cells": [
  {
   "cell_type": "code",
   "execution_count": 1,
   "metadata": {},
   "outputs": [],
   "source": [
    "import numpy as np"
   ]
  },
  {
   "cell_type": "code",
   "execution_count": 2,
   "metadata": {},
   "outputs": [],
   "source": [
    "A = np.random.rand(5, 8)\n",
    "U, S, VT = np.linalg.svd(A)"
   ]
  },
  {
   "cell_type": "code",
   "execution_count": 4,
   "metadata": {},
   "outputs": [
    {
     "name": "stdout",
     "output_type": "stream",
     "text": [
      "[[ 0.32711135  0.45364851 -0.57905629 -0.54305645  0.2387147 ]\n",
      " [ 0.56843227 -0.75983438 -0.06792414 -0.27815281 -0.13249076]\n",
      " [ 0.48305329  0.10768218  0.42096902  0.24792471  0.71859758]\n",
      " [ 0.47364913  0.44966948  0.4352006  -0.07359709 -0.61533549]\n",
      " [ 0.3349611   0.05528706 -0.54172469  0.74889086 -0.17447419]]\n",
      "[3.50537709 0.92392747 0.85713046 0.64701848 0.35681796]\n",
      "[[ 0.21771936  0.36968134  0.39235098  0.30946442  0.28138342  0.38194879\n",
      "   0.2822464   0.5113726 ]\n",
      " [ 0.13248985 -0.40153725 -0.34018482  0.13247824 -0.3707999  -0.09886556\n",
      "   0.65715645  0.32987347]\n",
      " [-0.35686846  0.41956819  0.05864934 -0.51786888 -0.04483785  0.10774192\n",
      "   0.58545744 -0.26191667]\n",
      " [-0.0563597  -0.14102977  0.47213794 -0.22885311  0.23585412 -0.74802821\n",
      "   0.09691283  0.27763419]\n",
      " [ 0.36365234  0.65797097 -0.42373392 -0.09618537 -0.18025496 -0.38424253\n",
      "  -0.13906656  0.2157671 ]\n",
      " [ 0.28968561 -0.26281961 -0.24150981 -0.68207678  0.36554549  0.29697196\n",
      "  -0.10642495  0.30051665]\n",
      " [-0.13199928  0.02318429 -0.46422559  0.30242102  0.74585467 -0.18412825\n",
      "   0.22533662 -0.1846505 ]\n",
      " [-0.75559819  0.06032602 -0.22494043  0.01343618 -0.05725954  0.05872238\n",
      "  -0.23428078  0.55949885]]\n"
     ]
    }
   ],
   "source": [
    "print(U)\n",
    "print(S)\n",
    "print(VT)"
   ]
  },
  {
   "cell_type": "code",
   "execution_count": null,
   "metadata": {},
   "outputs": [],
   "source": []
  }
 ],
 "metadata": {
  "kernelspec": {
   "display_name": "env",
   "language": "python",
   "name": "python3"
  },
  "language_info": {
   "codemirror_mode": {
    "name": "ipython",
    "version": 3
   },
   "file_extension": ".py",
   "mimetype": "text/x-python",
   "name": "python",
   "nbconvert_exporter": "python",
   "pygments_lexer": "ipython3",
   "version": "3.12.2"
  }
 },
 "nbformat": 4,
 "nbformat_minor": 2
}
