{
 "cells": [
  {
   "cell_type": "code",
   "execution_count": 11,
   "metadata": {},
   "outputs": [],
   "source": [
    "import numpy as np\n",
    "\n",
    "# perform SVD on a random matrix"
   ]
  },
  {
   "cell_type": "code",
   "execution_count": 12,
   "metadata": {},
   "outputs": [
    {
     "name": "stdout",
     "output_type": "stream",
     "text": [
      "[[0.10017286 0.1098538  0.32352426 0.13180383 0.02627802 0.19456916\n",
      "  0.2735599  0.53676867]\n",
      " [0.32427029 0.63448396 0.82386424 0.61622816 0.85743044 0.39334262\n",
      "  0.85398851 0.95957459]\n",
      " [0.04788942 0.56859225 0.10941614 0.7298214  0.62523562 0.08738594\n",
      "  0.61578102 0.32814691]\n",
      " [0.45615923 0.18608208 0.53394955 0.17301865 0.8411926  0.16099003\n",
      "  0.19180359 0.94939002]\n",
      " [0.80473969 0.47017991 0.96536097 0.99162673 0.52563925 0.58462516\n",
      "  0.52349539 0.87835901]]\n"
     ]
    }
   ],
   "source": [
    "A = np.random.rand(5, 8)\n",
    "print(A)"
   ]
  },
  {
   "cell_type": "code",
   "execution_count": 21,
   "metadata": {},
   "outputs": [
    {
     "name": "stdout",
     "output_type": "stream",
     "text": [
      "U:\n",
      "[[ 0.18798919  0.20053412 -0.05374378 -0.68810878  0.66937587]\n",
      " [ 0.58664346 -0.16023185  0.24597575 -0.47568468 -0.58599934]\n",
      " [ 0.32898259 -0.79662273  0.15901986  0.2472564   0.41320655]\n",
      " [ 0.39496229  0.51133573  0.62209012  0.39726802  0.19422299]\n",
      " [ 0.59689594  0.195038   -0.72410228  0.28508383  0.0088604 ]]\n",
      "S:\n",
      "[3.41044308 0.85746408 0.70515425 0.42797668 0.19405284]\n",
      "VT:\n",
      "[[ 0.25959348  0.27388465  0.40089794  0.3772578   0.39866634  0.20778022\n",
      "   0.33521209  0.48998081]\n",
      " [ 0.37340944 -0.40320667  0.35804945 -0.43363333 -0.11375807  0.11979767\n",
      "  -0.43424057  0.40730239]\n",
      " [-0.30765945  0.02252365 -0.23284663 -0.49614158  0.64042828 -0.3162232\n",
      "   0.04755647  0.30340932]\n",
      " [ 0.46567134 -0.06741593 -0.23397479  0.34595078  0.49693132 -0.16066694\n",
      "  -0.50651104 -0.27362587]\n",
      " [-0.03841086 -0.11862883 -0.56043677  0.36626309 -0.30134082 -0.14275593\n",
      "  -0.10814846  0.64290913]\n",
      " [-0.34055686 -0.19934278 -0.21417187  0.05588764  0.23997699  0.84040269\n",
      "  -0.17715574 -0.00637733]\n",
      " [-0.36754516 -0.70836416  0.3435855   0.37254224  0.14010724 -0.27346118\n",
      "   0.09988262 -0.04364021]\n",
      " [-0.47867386  0.44918729  0.3522921   0.16655472 -0.05486215 -0.12340166\n",
      "  -0.62225086  0.10871037]]\n"
     ]
    }
   ],
   "source": [
    "U, S, VT = np.linalg.svd(A)\n",
    "print(\"U:\", U, \"S:\", S, \"VT:\", VT, sep=\"\\n\")"
   ]
  },
  {
   "cell_type": "code",
   "execution_count": 28,
   "metadata": {},
   "outputs": [],
   "source": [
    "k = 3\n",
    "u_k = U[:, :k]\n",
    "s_k = np.diag(S[:k])\n",
    "vt_k = VT[:k, :]"
   ]
  },
  {
   "cell_type": "code",
   "execution_count": 29,
   "metadata": {},
   "outputs": [
    {
     "name": "stdout",
     "output_type": "stream",
     "text": [
      "u_k\n",
      "\n",
      "[[ 0.18798919  0.20053412 -0.05374378]\n",
      " [ 0.58664346 -0.16023185  0.24597575]\n",
      " [ 0.32898259 -0.79662273  0.15901986]\n",
      " [ 0.39496229  0.51133573  0.62209012]\n",
      " [ 0.59689594  0.195038   -0.72410228]]\n",
      "\n",
      "s_k\n",
      "\n",
      "[[3.41044308 0.         0.        ]\n",
      " [0.         0.85746408 0.        ]\n",
      " [0.         0.         0.70515425]]\n",
      "\n",
      "vt_k\n",
      "\n",
      "[[ 0.25959348  0.27388465  0.40089794  0.3772578   0.39866634  0.20778022\n",
      "   0.33521209  0.48998081]\n",
      " [ 0.37340944 -0.40320667  0.35804945 -0.43363333 -0.11375807  0.11979767\n",
      "  -0.43424057  0.40730239]\n",
      " [-0.30765945  0.02252365 -0.23284663 -0.49614158  0.64042828 -0.3162232\n",
      "   0.04755647  0.30340932]]\n"
     ]
    }
   ],
   "source": [
    "print(\"u_k\", u_k, \"s_k\", s_k, \"vt_k\", vt_k, sep=\"\\n\\n\")"
   ]
  },
  {
   "cell_type": "code",
   "execution_count": 31,
   "metadata": {},
   "outputs": [
    {
     "name": "stdout",
     "output_type": "stream",
     "text": [
      "[[0.24229987 0.10540939 0.3274175  0.18610895 0.21176401 0.16579681\n",
      "  0.13844304 0.37267713]\n",
      " [0.41470469 0.60726944 0.71250122 0.72830704 0.92432977 0.34440026\n",
      "  0.73857392 0.9769776 ]\n",
      " [0.00169203 0.58523832 0.17911336 0.66384449 0.59681304 0.11583444\n",
      "  0.67805177 0.30555102]\n",
      " [0.3784328  0.2020153  0.59485288 0.10039531 0.76806101 0.19368726\n",
      "  0.2819974  0.97168135]\n",
      " [0.74798953 0.47860925 0.99487166 0.9487878  0.46552717 0.60447346\n",
      "  0.58548036 0.91063848]]\n",
      "[[0.24229987 0.10540939 0.3274175  0.18610895 0.21176401 0.16579681\n",
      "  0.13844304 0.37267713]\n",
      " [0.41470469 0.60726944 0.71250122 0.72830704 0.92432977 0.34440026\n",
      "  0.73857392 0.9769776 ]\n",
      " [0.00169203 0.58523832 0.17911336 0.66384449 0.59681304 0.11583444\n",
      "  0.67805177 0.30555102]\n",
      " [0.3784328  0.2020153  0.59485288 0.10039531 0.76806101 0.19368726\n",
      "  0.2819974  0.97168135]\n",
      " [0.74798953 0.47860925 0.99487166 0.9487878  0.46552717 0.60447346\n",
      "  0.58548036 0.91063848]]\n"
     ]
    }
   ],
   "source": [
    "a_reduced = np.dot(u_k, np.dot(s_k, vt_k))\n",
    "print(a_reduced)\n",
    "print(u_k @ s_k @ vt_k)"
   ]
  },
  {
   "cell_type": "code",
   "execution_count": 10,
   "metadata": {},
   "outputs": [
    {
     "name": "stdout",
     "output_type": "stream",
     "text": [
      "Original matrix:\n",
      "[[1 2]\n",
      " [3 4]\n",
      " [5 6]]\n",
      "\n",
      "Reduced matrix:\n",
      "[[1.35662819 1.71846235]\n",
      " [3.09719707 3.92326845]\n",
      " [4.83776596 6.12807454]]\n"
     ]
    }
   ],
   "source": [
    "import numpy as np\n",
    "\n",
    "# Example matrix\n",
    "A = np.array([[1, 2], [3, 4], [5, 6]])\n",
    "\n",
    "# Perform SVD\n",
    "U, S, Vt = np.linalg.svd(A, full_matrices=False)\n",
    "\n",
    "# Reduced rank approximation (keeping only the first singular value)\n",
    "k = 1  # Rank of the reduced approximation\n",
    "Ur = U[:, :k]\n",
    "Sr = np.diag(S[:k])\n",
    "Vtr = Vt[:k, :]\n",
    "\n",
    "# Reconstruct the reduced matrix\n",
    "A_reduced = Ur @ Sr @ Vtr\n",
    "\n",
    "print(\"Original matrix:\")\n",
    "print(A)\n",
    "print(\"\\nReduced matrix:\")\n",
    "print(A_reduced)"
   ]
  },
  {
   "cell_type": "code",
   "execution_count": 32,
   "metadata": {},
   "outputs": [
    {
     "ename": "TypeError",
     "evalue": "unsupported operand type(s) for @: 'int' and 'int'",
     "output_type": "error",
     "traceback": [
      "\u001b[1;31m---------------------------------------------------------------------------\u001b[0m",
      "\u001b[1;31mTypeError\u001b[0m                                 Traceback (most recent call last)",
      "Cell \u001b[1;32mIn[32], line 1\u001b[0m\n\u001b[1;32m----> 1\u001b[0m \u001b[38;5;241;43m2\u001b[39;49m\u001b[38;5;241;43m@\u001b[39;49m\u001b[38;5;241;43m3\u001b[39;49m\n",
      "\u001b[1;31mTypeError\u001b[0m: unsupported operand type(s) for @: 'int' and 'int'"
     ]
    }
   ],
   "source": [
    "2 @ 3"
   ]
  },
  {
   "cell_type": "code",
   "execution_count": null,
   "metadata": {},
   "outputs": [],
   "source": []
  }
 ],
 "metadata": {
  "kernelspec": {
   "display_name": "env",
   "language": "python",
   "name": "python3"
  },
  "language_info": {
   "codemirror_mode": {
    "name": "ipython",
    "version": 3
   },
   "file_extension": ".py",
   "mimetype": "text/x-python",
   "name": "python",
   "nbconvert_exporter": "python",
   "pygments_lexer": "ipython3",
   "version": "3.12.2"
  }
 },
 "nbformat": 4,
 "nbformat_minor": 2
}
